7.82
13.60
13.55
11.54
9.52
6.58
5.13
7.92
5.63
12.82
4.66
2.07
8.64
8.53
8.77
8.78
6.79
3.00
11.24
8.23
6.24
4.40
6.80
5.52
4.82
5.00
5.60
6.25
5.75
4.73
5.51
4.61
2.09
3.25
4.77
4.14
2.12
3.14
0.00
2.09
3.19
0.00
2.08
3.04
2.06
2.00
2.03
2.09
1.98
2.04
2.04
2.03
2.04
2.04
2.02
2.04
7.51
10.46
14.50
10.66
9.54
6.54
5.13
8.10
4.56
13.07
4.61
2.08
6.61
8.34
11.11
8.56
6.30
3.00
10.67
3.63
6.26
4.05
6.34
6.03
5.18
11.86
3.92
5.36
6.54
5.85
4.63
5.35
4.80
2.10
3.25
5.90
4.11
5.88
2.12
4.68
3.10
0.00
3.20
2.03
1.96
2.04
2.01
2.08
2.06
2.01
2.06
2.03
2.09
2.04
2.03
7.48
11.10
16.09
10.83
9.21
6.35
5.02
6.63
4.14
12.76
4.61
2.08
6.94
8.37
8.37
8.13
5.90
3.05
6.26
7.45
5.85
6.42
3.86
5.57
6.24
5.91
6.70
4.59
5.44
6.19
6.41
4.62
5.59
5.15
2.11
3.00
6.36
3.96
2.09
4.87
3.35
0.00
3.13
2.11
2.03
2.05
2.06
2.01
2.03
2.08
2.06
2.08
2.05
2.03
7.53
11.32
14.47
11.76
8.93
6.48
4.50
6.62
13.30
4.62
2.32
6.57
8.40
6.42
7.96
6.13
3.14
10.67
7.34
6.09
6.23
4.11
6.73
5.75
3.92
6.78
4.69
5.36
6.24
6.51
4.68
5.42
4.74
2.12
3.24
5.77
3.97
2.08
4.93
3.19
0.00
3.20
2.06
2.06
2.00
2.01
2.04
2.02
2.06
2.04
2.05
2.04
2.02
2.03
2.07
7.92
10.73
14.20
11.15
8.41
6.34
9.14
6.70
13.38
4.41
2.38
6.61
7.84
9.95
8.13
6.42
3.41
10.54
6.83
6.02
4.16
6.57
5.78
7.93
7.74
6.20
5.24
6.13
5.31
4.87
2.11
3.57
6.54
4.08
28.14
5.10
3.22
0.00
2.99
2.01
2.00
2.03
2.05
2.09
2.03
2.00
2.08
2.07
2.08
2.00
